Value	Indegree	Outdegree
0		0			0
1		303			183
2		285			172
3		316			191
4		287			156
5		311			207
6		280			150
7		273			160
8		287			182
9		290			191
10		311			182
11		312			207
12		316			186
13		311			201
14		328			183
15		281			167
16		301			196
17		275			164
18		313			205
19		303			177
20		309			186
21		296			184
22		283			158
23		317			180
24		319			195
25		311			200
26		293			189
27		307			188
28		304			167
29		291			161
30		289			172
31		273			165
32		301			179
33		310			180
34		319			198
35		298			176
36		318			172
37		305			194
38		306			181
39		299			178
40		313			200
41		283			174
42		320			201
43		288			181
44		292			180
45		315			193
46		319			197
47		294			172
48		291			186
49		289			183
50		277			174
51		306			178
52		294			167
53		321			198
54		277			174
55		277			166
56		303			181
57		296			181
58		311			169
59		279			167
60		307			207
61		287			176
62		282			173
63		283			171
64		277			176
65		279			173
66		321			180
67		312			176
68		326			195
69		282			178
70		332			182
71		292			172
72		310			191
73		304			190
74		293			183
75		314			205
76		285			176
77		312			193
78		318			182
79		292			185
80		301			186
81		302			181
82		278			162
83		304			195
84		313			194
85		308			187
86		313			180
87		276			175
88		298			178
89		315			177
90		311			190
91		298			186
92		287			175
93		304			179
94		291			186
95		302			202
96		313			188
97		274			166
98		304			164
99		22			26
100		18			30
101		23			32
102		11			20
103		18			35
104		14			27
105		14			29
106		14			26
107		11			28
108		20			32
109		19			30
110		19			35
111		11			25
112		18			35
113		15			35
114		13			29
115		15			27
116		16			32
117		18			38
118		11			25
119		16			27
120		18			27
121		15			30
122		17			33
123		17			28
124		22			33
125		9			24
126		18			30
127		16			26
128		9			28
129		13			25
130		13			24
131		15			28
132		16			26
133		15			33
134		12			29
135		20			33
136		13			32
137		18			33
138		16			28
139		13			30
140		14			28
141		12			24
142		12			29
143		10			23
144		15			29
145		7			25
146		17			31
147		12			29
148		19			35
149		12			20
150		7			22
151		13			29
152		21			32
153		16			26
154		13			25
155		18			31
156		14			33
157		11			21
158		9			26
159		11			21
160		15			24
161		15			27
162		14			33
163		20			31
164		15			30
165		11			26
166		14			25
167		13			18
168		14			31
169		13			29
170		16			27
171		17			30
172		14			26
173		17			27
174		14			23
175		11			26
176		15			28
177		17			35
178		15			31
179		15			27
180		15			32
181		15			26
182		9			20
183		9			23
184		14			22
185		17			31
186		19			35
187		17			29
188		15			27
189		15			27
190		16			31
191		16			34
192		16			34
193		18			32
194		17			27
195		12			21
196		18			41
197		17			27
198		17			29
199		14			29
200		19			30
201		16			29
202		12			28
203		15			26
204		16			32
205		18			35
206		13			25
207		22			31
208		17			32
209		16			24
210		16			29
211		10			21
212		11			25
213		12			27
214		9			17
215		15			25
216		14			34
217		11			24
218		21			34
219		14			26
220		16			30
221		21			34
222		13			30
223		14			25
224		14			32
225		16			33
226		18			31
227		12			25
228		18			28
229		18			28
230		16			29
231		15			33
232		17			33
233		20			31
234		17			35
235		19			26
236		23			35
237		13			28
238		13			29
239		20			34
240		18			30
241		12			23
242		19			34
243		14			28
244		17			27
245		13			24
246		12			24
247		16			28
248		19			33
249		19			27
250		17			28
251		18			34
252		21			32
253		17			31
254		8			19
255		18			30
256		14			26
257		13			30
258		14			30
259		18			33
260		14			33
261		18			29
262		16			30
263		17			27
264		17			30
265		22			40
266		13			29
267		18			33
268		22			38
269		12			26
270		18			26
271		14			32
272		16			26
273		13			30
274		23			38
275		14			22
276		18			28
277		20			27
278		17			24
279		19			33
280		12			24
281		16			26
282		13			29
283		20			26
284		19			26
285		17			30
286		14			28
287		17			28
288		8			23
289		19			29
290		17			34
291		17			26
292		15			25
293		12			23
294		24			34
295		16			31
296		13			29
297		15			23
298		16			26
299		22			33
300		15			20
301		15			32
302		15			30
303		19			29
304		20			28
305		14			27
306		14			31
307		11			23
308		23			34
309		17			28
310		15			25
311		11			27
312		17			36
313		18			26
314		15			22
315		14			31
316		16			24
317		17			30
318		19			34
319		12			25
320		20			30
321		21			32
322		15			25
323		22			31
324		7			25
325		18			27
326		14			26
327		15			31
328		6			22
329		12			17
330		11			26
331		9			17
332		19			28
333		16			26
334		17			33
335		15			26
336		14			29
337		14			25
338		16			26
339		15			29
340		18			26
341		20			23
342		20			34
343		19			36
344		16			28
345		20			35
346		19			28
347		14			28
348		21			31
349		13			21
350		19			30
351		14			29
352		17			28
353		16			32
354		17			31
355		19			42
356		13			30
357		12			20
358		18			35
359		17			27
360		21			32
361		22			37
362		19			31
363		12			22
364		17			26
365		11			19
366		14			26
367		19			31
368		21			26
369		13			22
370		15			22
371		11			27
372		18			28
373		10			23
374		17			34
375		11			25
376		18			36
377		19			27
378		13			28
379		18			30
380		11			29
381		17			33
382		14			22
383		12			21
384		21			31
385		11			24
386		22			28
387		12			22
388		20			35
389		16			31
390		11			25
391		13			24
392		12			23
393		16			27
394		15			33
395		18			34
396		18			40
397		16			31
398		15			36
399		11			29
400		11			35
401		15			30
402		13			24
403		13			28
404		17			32
405		17			32
406		13			25
407		15			29
408		21			35
409		8			26
410		18			29
411		9			23
412		19			32
413		14			33
414		14			31
415		22			33
416		15			32
417		23			36
418		17			32
419		17			29
420		16			31
421		16			34
422		10			22
423		15			35
424		12			22
425		11			30
426		17			27
427		14			30
428		22			34
429		16			27
430		16			25
431		19			24
432		12			27
433		9			21
434		23			35
435		12			24
436		13			27
437		11			29
438		20			33
439		11			30
440		18			31
441		18			35
442		16			30
443		15			27
444		17			26
445		11			25
446		11			28
447		15			28
448		15			22
449		17			31
450		16			28
451		14			28
452		14			26
453		23			32
454		16			34
455		19			29
456		12			29
457		11			24
458		16			30
459		21			27
460		17			33
461		20			35
462		12			28
463		14			26
464		14			28
465		18			31
466		19			35
467		21			30
468		19			27
469		16			28
470		15			29
471		27			39
472		16			32
473		15			29
474		18			35
475		21			26
476		19			32
477		17			30
478		18			27
479		17			30
480		15			30
481		16			32
482		11			24
483		15			31
484		11			24
485		13			36
486		16			23
487		18			30
488		14			27
489		16			27
490		12			25
491		14			30
492		17			28
493		21			32
494		8			20
495		17			29
496		15			31
497		12			26
498		19			29
499		14			29
500		13			26
501		13			23
502		18			29
503		12			22
504		18			27
505		15			26
506		20			25
507		11			23
508		10			22
509		22			28
510		11			32
511		19			37
512		13			28
513		12			26
514		11			27
515		17			27
516		12			19
517		13			25
518		18			38
519		11			23
520		15			24
521		11			23
522		16			33
523		17			34
524		10			22
525		24			41
526		13			24
527		9			23
528		11			32
529		18			34
530		13			29
531		16			27
532		17			26
533		14			28
534		15			31
535		13			31
536		27			41
537		8			30
538		17			26
539		16			37
540		16			25
541		12			27
542		20			28
543		11			25
544		19			28
545		14			23
546		10			23
547		16			31
548		17			24
549		18			29
550		20			35
551		17			33
552		12			25
553		14			24
554		17			27
555		9			23
556		20			30
557		15			25
558		12			22
559		19			28
560		18			26
561		20			26
562		15			29
563		15			26
564		17			28
565		14			32
566		16			26
567		15			32
568		14			27
569		17			29
570		18			32
571		17			28
572		11			23
573		16			31
574		15			31
575		8			28
576		16			26
577		15			30
578		15			29
579		13			25
580		16			34
581		20			32
582		11			22
583		19			36
584		23			35
585		15			24
586		18			26
587		14			29
588		21			29
589		20			32
590		21			31
591		14			31
592		16			29
593		11			25
594		9			23
595		10			21
596		14			27
597		14			29
598		11			25
599		21			31
600		6			20
601		17			30
602		14			30
603		14			28
604		17			29
605		16			26
606		15			32
607		10			30
608		28			38
609		28			39
610		9			21
611		15			23
612		15			33
613		9			29
614		10			19
615		17			29
616		21			38
617		16			33
618		12			23
619		12			23
620		11			24
621		19			33
622		12			26
623		18			30
624		18			33
625		22			36
626		17			31
627		17			26
628		13			22
629		11			29
630		17			27
631		18			26
632		11			23
633		14			34
634		14			24
635		15			27
636		12			29
637		14			30
638		14			24
639		15			32
640		17			24
641		14			33
642		18			29
643		17			25
644		13			29
645		21			31
646		13			28
647		14			28
648		18			30
649		15			24
650		14			28
651		12			23
652		17			29
653		15			30
654		19			29
655		14			33
656		12			23
657		14			24
658		15			25
659		14			32
660		19			27
661		18			33
662		20			37
663		13			29
664		19			37
665		19			29
666		14			31
667		20			32
668		16			26
669		10			26
670		19			29
671		18			33
672		20			27
673		14			27
674		16			23
675		16			28
676		20			31
677		12			23
678		13			29
679		12			23
680		14			33
681		8			24
682		10			23
683		15			28
684		18			22
685		29			36
686		16			31
687		18			30
688		10			25
689		11			20
690		19			29
691		21			34
692		20			29
693		17			28
694		17			30
695		16			29
696		12			25
697		19			34
698		20			30
699		18			26
700		13			25
701		11			24
702		19			31
703		12			24
704		15			26
705		20			26
706		20			30
707		20			33
708		15			39
709		12			22
710		16			25
711		14			29
712		13			33
713		21			31
714		15			26
715		20			32
716		13			28
717		20			32
718		17			37
719		14			24
720		20			30
721		13			29
722		19			26
723		14			22
724		14			29
725		14			23
726		13			31
727		24			37
728		18			28
729		23			33
730		16			23
731		20			35
732		20			42
733		13			30
734		17			26
735		10			23
736		14			28
737		14			28
738		19			34
739		20			34
740		16			25
741		12			27
742		12			20
743		15			29
744		13			29
745		15			26
746		17			34
747		11			25
748		20			34
749		15			32
750		19			32
751		20			27
752		14			31
753		12			28
754		23			33
755		12			23
756		16			29
757		22			35
758		13			26
759		14			35
760		12			22
761		12			27
762		16			30
763		16			23
764		13			35
765		21			26
766		13			24
767		14			30
768		11			24
769		14			26
770		10			22
771		13			24
772		15			27
773		23			32
774		21			37
775		13			20
776		6			24
777		11			25
778		12			26
779		13			27
780		20			29
781		13			27
782		18			28
783		19			32
784		20			29
785		20			24
786		14			32
787		18			27
788		13			26
789		14			30
790		16			23
791		19			26
792		16			38
793		16			32
794		15			33
795		13			23
796		11			25
797		15			32
798		16			27
799		14			27
800		14			22
801		17			28
802		9			26
803		16			31
804		21			30
805		15			27
806		13			29
807		12			28
808		10			19
809		11			30
810		14			27
811		14			25
812		14			24
813		21			36
814		16			24
815		18			22
816		17			33
817		17			29
818		18			27
819		12			25
820		17			32
821		16			27
822		11			29
823		18			24
824		12			24
825		13			27
826		15			29
827		14			24
828		22			31
829		14			21
830		18			22
831		15			25
832		11			25
833		18			33
834		13			21
835		15			22
836		18			31
837		10			23
838		10			30
839		12			29
840		18			31
841		18			29
842		17			28
843		14			30
844		14			22
845		19			32
846		19			26
847		14			23
848		14			29
849		17			33
850		16			32
851		19			29
852		14			26
853		13			28
854		15			21
855		13			27
856		18			39
857		15			25
858		12			22
859		19			39
860		18			31
861		21			32
862		10			18
863		12			25
864		16			29
865		12			25
866		9			25
867		16			30
868		12			26
869		13			31
870		20			31
871		10			20
872		20			31
873		16			28
874		15			28
875		11			25
876		17			28
877		21			31
878		12			21
879		12			21
880		16			27
881		9			26
882		20			29
883		23			28
884		14			30
885		16			30
886		18			22
887		15			29
888		20			32
889		14			27
890		16			27
891		14			28
892		13			27
893		13			27
894		17			35
895		17			34
896		24			28
897		18			31
898		13			29
899		19			29
900		14			26
901		14			26
902		12			28
903		12			29
904		18			27
905		8			27
906		15			29
907		10			19
908		13			30
909		16			33
910		8			23
911		15			36
912		14			28
913		17			30
914		12			23
915		14			28
916		16			35
917		11			26
918		11			26
919		9			24
920		10			22
921		12			20
922		18			32
923		20			29
924		18			25
925		16			20
926		13			27
927		7			19
928		17			24
929		10			24
930		16			30
931		20			29
932		11			29
933		12			25
934		22			34
935		12			23
936		14			22
937		20			30
938		31			41
939		15			27
940		16			33
941		13			25
942		21			33
943		21			32
944		20			38
945		16			27
946		19			25
947		11			24
948		18			31
949		15			32
950		16			29
951		9			27
952		14			29
953		19			31
954		13			19
955		12			26
956		15			24
957		14			23
958		16			28
959		16			29
960		18			28
961		13			32
962		10			23
963		16			30
964		16			28
965		27			38
966		15			30
967		15			24
968		14			32
969		20			29
970		15			26
971		20			30
972		12			31
973		14			26
974		14			29
975		11			24
976		9			24
977		25			35
978		18			37
979		11			19
980		21			39
981		18			33
982		14			25
983		17			30
984		20			35
985		16			31
986		18			27
987		13			26
988		14			22
989		10			19
990		19			31
991		15			33
992		20			35
993		21			32
994		16			36
995		17			29
996		10			23
997		15			30
998		17			28
